Pallet,Weight,Profit
1, 1, 1
2, 1, 2
3, 2, 3
4, 3, 5
5, 5, 8
6, 8, 13
7, 13, 21
8, 21, 34
9, 34, 55
10, 55, 89
11, 89, 144
12, 144, 233
13, 233, 377
14, 377, 610